524288000S
145187373 271
437157 1
294212 1
27930 1
1955 1
41311 1
69262 1
-41311 -1
1932394 1
1504592 1
69817 1
-69817 -1
16004 1
15996 1
25165 1
-25165 -1
195782 1
-69262 -1
-1955 -1
218298 1
36341 1
12721 1
16851 1
-16851 -1
-12721 -1
-36341 -1
1335226 1
17226 1
-17226 -1
62007 1
57085 1
-57085 -1
41523 1
-41523 -1
481482 1
481453 1
-481482 -1
63640 1
-63640 -1
88092 1
63974 1
36088 1
26090 1
7882 1
507598 1
32245 1
19658 1
1185 1
412 1
430 1
-412 -1
522979 1
-430 -1
27097 1
182325 1
45155 1
33683 1
62694 1
19194 1
4267 1
2685160 1
-27097 -1
32004 1
-19194 -1
41387 1
664 1
-41387 -1
576934 1
692308 1
23690 1
-23690 -1
510 1
2086 1
5013 1
-2086 -1
5013 1
-5013 -1
5011 1
12275 1
275080 1
27105 1
-27105 -1
1959 1
23956 1
1888 1
-1888 -1
4752 1
-23956 -1
-1959 -1
42325 1
-42325 -1
57170 1
-57170 -1
746 1
1041 1
1077 1
-1041 -1
1116 1
-1077 -1
1121 1
1080 1
13631 1
62866 1
-62866 -1
86273 1
-86273 -1
1154955 1
1154900 1
-1154955 -1
402542 1
103408 1
4923 1
-103408 -1
24732 1
28288 1
13265 1
24828 1
24860 1
27104 1
-27104 -1
975591 1
44845 1
83764 1
1069 1
-1069 -1
1507 1
552481 1
-1507 -1
56782 1
62884 1
-62884 -1
430 1
19721 1
-19721 -1
236779 1
236749 1
-236779 -1
26676 1
12724 1
1148580 1
57635 1
-57635 -1
-12724 -1
-26676 -1
1147216 1
74801 1
46837 1
11450 1
42249 1
-42249 -1
1130803 1
12801 1
122240 1
122333 1
-122240 -1
-12801 -1
38812 1
-38812 -1
38972 1
78438 1
15005 1
79490 1
1107 1
12797 1
24478 1
24454 1
-12797 -1
13772 1
13741 1
30434 1
-30434 -1
12764 1
1279 1
9098 1
13752 1
13742 1
476929 1
26250 1
1919 1
1263 1
1909 1
-1909 -1
-1263 -1
-1919 -1
26380 1
1972 1
62146 1
-1972 -1
199914 1
23960 1
774146 1
774125 1
-774146 -1
-23960 -1
800129 1
26656 1
1283 1
1046 1
-1283 -1
7002 1
88236 1
-88236 -1
-7002 -1
124105 1
-1046 -1
61620 1
191071 1
25941 1
1050447 1
1050582 1
-1050447 -1
360 1
1289 1
-1289 -1
216728 1
496243 1
1240 1
-1240 -1
1761 1
-1761 -1
76168 1
114914 1
12595 1
12595 1
447556 1
-12595 -1
-12595 -1
1154 1
14897 1
-1154 -1
66957 1
13765 1
13777 1
12393 1
12393 1
717973 1
569350 1
717978 1
-569350 -1
717924 1
1571 1
4255 1
12394 1
12394 1
-1571 -1
-4255 -1
12394 1
11533 1
452604 1
12390 1
12394 1
12768 1
-12768 -1
12390 1
15558 1
11625 1
1610 1
36294 1
-36294 -1
-1610 -1
-11625 -1
12394 1
12393 1
355385 1
3751 1
11499 1
40962 1
-40962 -1
-11499 -1
3756 1
1242 1
1916 1
-1916 -1
-1242 -1
-3756 -1
651295 1
1970 1
1898 1
-1898 -1
-1970 -1
79161 1
-79161 -1
567244 1
567293 1
-567244 -1
17183 1
4572 1
5293 1
-5293 -1
-4572 -1
23957 1
-23957 -1
67069 1
84086 1
199878 1
199901 1
-199878 -1
-84086 -1
228764 1
4499 1
36354 1
81052 1
-81052 -1
-36354 -1
-4499 -1
-67069 -1
94797 1
41220 1
4292 1
4310 1
-4292 -1
12613 1
-12613 -1
144493 1
9649 1
2353 1
13787 1
1773265 1
13273 1
43124 1
-13273 -1
-43124 -1
13083 1
-13083 -1
1100 1
-1100 -1
13246 1
52576 1
-13246 -1
-52576 -1
287019 1
80975 1
12721 1
1521 1
1275 1
27519 1
-1275 -1
-12721 -1
29969 1
36368 1
81605 1
-81605 -1
-36368 -1
633342 1
1267 1
-1267 -1
22208 1
6683 1
-6683 -1
-22208 -1
-27519 -1
120870 1
24596 1
2191 1
1271 1
-1271 -1
1338 1
154530 1
-1338 -1
1963 1
1275 1
1944 1
-1944 -1
-1275 -1
-1963 -1
36513 1
4807 1
40625 1
-40625 -1
-4807 -1
-36513 -1
31616 1
-31616 -1
7925 1
27328 1
-27328 -1
-7925 -1
7310 1
19675 1
7064 1
29713 1
96151 1
-29713 -1
54077 1
162582 1
162911 1
-162582 -1
163051 1
-162911 -1
346741 1
-163051 -1
1317 1
88564 1
-1317 -1
71940 1
71940 1
-71940 -1
139355 1
3224 1
3267 1
-3224 -1
3267 1
-3267 -1
979067 1
979210 1
567289 1
567434 1
9530 1
571164 1
25106 1
1520 1
23964 1
5216 1
2253 1
2397 1
-1520 -1
-23964 -1
91815 1
27069 1
14475 1
-14475 -1
-27069 -1
-91815 -1
40772 1
80740 1
265383 1
-80740 -1
27253 1
265771 1
-265383 -1
65885 1
1568 1
1059 1
21578 1
-1059 -1
-1568 -1
67095 1
4829 1
11853 1
70520 1
-67095 -1
-70520 -1
-11853 -1
12965 1
54609 1
15272 1
80831 1
-80831 -1
4237 1
41065 1
-4237 -1
67070 1
-67070 -1
40800 1
1881 1
-40800 -1
-41065 -1
-1881 -1
81363 1
-81363 -1
17834 1
1730 1
1016 1
-1730 -1
13691 1
1159 1
-1159 -1
479375 1
479399 1
1114 1
1670 1
-1670 -1
1955 1
315143 1
6461 1
27033 1
-6461 -1
4422253 1
3264 1
10769 1
50879 1
90788 1
-50879 -1
-90788 -1
1120 1
-1120 -1
16899281 1
85159 1
-85159 -1
1250 1
82784 1
1190 1
-1190 -1
-82784 -1
35873 1
85159 1
82480 1
918435 1
-85159 -1
-35873 -1
-1250 -1
567179 1
567210 1
-567179 -1
76863 1
148734 1
-148734 -1
-76863 -1
1990 1
-1990 -1
1571 1
25844 1
-1571 -1
55299 1
1030602 1
-1030602 -1
-55299 -1
-25844 -1
25840 1
17335 1
-17335 -1
28209 1
83602 1
25839 1
1011113 1
-1011113 -1
-25839 -1
-83602 -1
-28209 -1
-25840 -1
